500	0	0	0	1	0	0	0	0	0
1	0	1	11	0	0	0.0003	-0.0020	-5.0038	0	0	0.0119	-0.0278	912.0157
2	0	1	11	0	0	-0.0002	0.0026	-4.9904	0	0	0.0007	0.0353	910.7274
3	0	1	11	0	0	-0.0002	0.0010	-4.9995	0	0	-0.0156	0.0131	910.0896
4	0	1	11	0	0	-0.0000	0.0010	-5.0052	0	0	-0.0043	0.0130	912.1276
5	0	1	11	0	0	-0.0000	0.0009	-5.0101	0	0	-0.0024	0.0124	912.0699
6	0	1	11	0	0	-0.0002	-0.0003	-4.9989	0	0	-0.0260	-0.0045	911.9773
7	0	1	11	0	0	-0.0012	0.0001	-4.9958	0	0	-0.0998	0.0010	910.4577
8	0	1	11	0	0	0.0010	0.0001	-5.0011	0	0	0.0781	0.0017	912.3631
9	0	1	11	0	0	-0.0003	-0.0012	-4.9913	0	0	-0.0267	-0.0160	910.0470
10	0	1	11	0	0	0.0004	-0.0009	-4.9986	0	0	0.0215	-0.0119	911.6519
11	0	1	11	0	0	-0.0000	0.0004	-5.0026	0	0	0.0010	0.0059	909.5395
12	0	1	11	0	0	0.0005	0.0006	-5.0035	0	0	0.0453	0.0086	911.5741
13	0	1	11	0	0	-0.0002	-0.0000	-5.0003	0	0	-0.0238	-0.0000	911.7209
14	0	1	11	0	0	0.0007	0.0011	-5.0033	0	0	0.0516	0.0146	910.2810
15	0	1	11	0	0	-0.0010	0.0015	-4.9979	0	0	-0.0765	0.0204	911.7192
16	0	1	11	0	0	0.0000	0.0003	-4.9992	0	0	-0.0005	0.0044	911.6023
17	0	1	11	0	0	0.0007	0.0019	-4.9970	0	0	0.0595	0.0254	911.4126
18	0	1	11	0	0	-0.0002	-0.0007	-5.0011	0	0	-0.0201	-0.0095	908.8885
19	0	1	11	0	0	-0.0003	0.0002	-4.9924	0	0	-0.0290	0.0026	912.2990
20	0	1	11	0	0	0.0008	-0.0023	-5.0035	0	0	0.0666	-0.0306	909.6545
21	0	1	11	0	0	-0.0003	-0.0008	-5.0003	0	0	-0.0273	-0.0097	909.9490
22	0	1	11	0	0	0.0003	0.0001	-5.0014	0	0	0.0156	0.0007	911.7603
23	0	1	11	0	0	-0.0001	0.0004	-4.9949	0	0	-0.0130	0.0057	909.2470
24	0	1	11	0	0	0.0005	-0.0011	-4.9997	0	0	0.0434	-0.0148	910.6366
25	0	1	11	0	0	-0.0000	0.0010	-5.0007	0	0	0.0072	0.0142	910.3693
26	0	1	11	0	0	0.0003	0.0003	-4.9942	0	0	0.0251	0.0035	911.3090
27	0	1	11	0	0	-0.0000	-0.0030	-4.9889	0	0	-0.0023	-0.0392	912.1270
28	0	1	11	0	0	-0.0001	-0.0014	-4.9974	0	0	0.0029	-0.0180	910.3382
29	0	1	11	0	0	0.0011	0.0007	-5.0003	0	0	0.0828	0.0094	910.2706
30	0	1	11	0	0	-0.0005	0.0014	-5.0046	0	0	-0.0373	0.0195	911.4477
31	0	1	11	0	0	-0.0006	-0.0009	-4.9979	0	0	-0.0492	-0.0122	910.9406
32	0	1	11	0	0	0.0005	-0.0020	-4.9941	0	0	0.0419	-0.0268	911.4559
33	0	1	11	0	0	-0.0007	0.0010	-5.0009	0	0	-0.0505	0.0126	910.5614
34	0	1	11	0	0	0.0001	0.0000	-5.0019	0	0	0.0116	0.0003	912.1642
35	0	1	11	0	0	-0.0002	-0.0017	-4.9969	0	0	-0.0157	-0.0233	910.5723
36	0	1	11	0	0	-0.0003	-0.0003	-4.9982	0	0	-0.0206	-0.0036	909.3983
37	0	1	11	0	0	0.0008	0.0003	-5.0043	0	0	0.0619	0.0043	911.6689
38	0	1	11	0	0	0.0001	-0.0008	-4.9871	0	0	0.0071	-0.0112	911.6096
39	0	1	11	0	0	0.0002	0.0002	-4.9975	0	0	0.0172	0.0023	910.9319
40	0	1	11	0	0	-0.0000	0.0008	-4.9985	0	0	-0.0072	0.0102	910.6251
41	0	1	11	0	0	0.0001	0.0016	-5.0043	0	0	-0.0033	0.0207	909.4765
42	0	1	11	0	0	-0.0003	0.0014	-5.0022	0	0	-0.0292	0.0186	911.5036
43	0	1	11	0	0	-0.0001	-0.0005	-4.9869	0	0	-0.0086	-0.0058	910.7098
44	0	1	11	0	0	0.0004	-0.0011	-4.9974	0	0	0.0387	-0.0142	910.8512
45	0	1	11	0	0	-0.0006	0.0001	-5.0013	0	0	-0.0494	0.0019	912.4438
46	0	1	11	0	0	-0.0003	-0.0005	-5.0014	0	0	-0.0132	-0.0072	910.8724
47	0	1	11	0	0	0.0001	-0.0002	-5.0071	0	0	0.0072	-0.0030	910.8372
48	0	1	11	0	0	0.0002	0.0030	-5.0065	0	0	0.0148	0.0410	910.8617
49	0	1	11	0	0	0.0001	0.0016	-5.0046	0	0	0.0147	0.0207	911.3140
50	0	1	11	0	0	-0.0006	-0.0002	-4.9932	0	0	-0.0523	-0.0035	910.7181
51	0	1	11	0	0	0.0007	0.0011	-4.9956	0	0	0.0599	0.0138	911.3984
52	0	1	11	0	0	-0.0008	-0.0004	-4.9980	0	0	-0.0659	-0.0059	911.8126
53	0	1	11	0	0	-0.0004	-0.0007	-5.0044	0	0	-0.0409	-0.0084	909.3254
54	0	1	11	0	0	0.0002	-0.0010	-5.0126	0	0	0.0209	-0.0133	911.5316
55	0	1	11	0	0	-0.0005	-0.0014	-4.9975	0	0	-0.0395	-0.0197	912.1367
56	0	1	11	0	0	-0.0006	-0.0011	-4.9988	0	0	-0.0532	-0.0140	910.3372
57	0	1	11	0	0	0.0002	-0.0007	-5.0050	0	0	0.0089	-0.0094	910.1252
58	0	1	11	0	0	0.0012	0.0003	-5.0016	0	0	0.0962	0.0046	910.1423
59	0	1	11	0	0	0.0006	0.0005	-4.9993	0	0	0.0483	0.0063	912.2072
60	0	1	11	0	0	-0.0002	-0.0028	-5.0009	0	0	-0.0163	-0.0367	910.3099
61	0	1	11	0	0	-0.0000	-0.0012	-5.0017	0	0	-0.0062	-0.0170	910.6583
62	0	1	11	0	0	-0.0003	-0.0006	-4.9987	0	0	-0.0224	-0.0073	912.0033
63	0	1	11	0	0	-0.0004	-0.0000	-5.0049	0	0	-0.0382	0.0003	913.5506
64	0	1	11	0	0	0.0003	-0.0001	-4.9965	0	0	0.0150	-0.0024	911.1882
65	0	1	11	0	0	0.0001	-0.0005	-4.9962	0	0	0.0100	-0.0071	910.2508
66	0	1	11	0	0	0.0002	0.0019	-4.9916	0	0	0.0131	0.0253	911.3623
67	0	1	11	0	0	-0.0006	-0.0004	-5.0013	0	0	-0.0508	-0.0048	910.2150
68	0	1	11	0	0	0.0004	0.0014	-5.0023	0	0	0.0415	0.0181	910.3720
69	0	1	11	0	0	0.0002	0.0006	-4.9994	0	0	0.0170	0.0075	912.4499
70	0	1	11	0	0	0.0001	-0.0015	-5.0108	0	0	0.0045	-0.0194	910.2717
71	0	1	11	0	0	0.0003	-0.0018	-5.0008	0	0	0.0306	-0.0235	912.2452
72	0	1	11	0	0	-0.0003	-0.0022	-5.0037	0	0	-0.0192	-0.0279	912.5446
73	0	1	11	0	0	-0.0002	-0.0003	-5.0040	0	0	-0.0191	-0.0029	911.2277
74	0	1	11	0	0	0.0001	-0.0014	-4.9948	0	0	0.0054	-0.0182	914.0451
75	0	1	11	0	0	-0.0005	0.0010	-5.0061	0	0	-0.0342	0.0130	911.8181
76	0	1	11	0	0	-0.0004	0.0005	-4.9994	0	0	-0.0330	0.0068	911.4126
77	0	1	11	0	0	0.0001	0.0007	-5.0015	0	0	0.0123	0.0094	912.2120
78	0	1	11	0	0	-0.0008	-0.0005	-4.9967	0	0	-0.0540	-0.0068	911.0471
79	0	1	11	0	0	-0.0003	0.0003	-4.9962	0	0	-0.0185	0.0034	910.3683
80	0	1	11	0	0	0.0002	-0.0005	-4.9969	0	0	0.0190	-0.0062	911.8899
81	0	1	11	0	0	0.0003	-0.0013	-5.0054	0	0	0.0194	-0.0175	909.5852
82	0	1	11	0	0	0.0003	-0.0016	-4.9929	0	0	0.0239	-0.0221	911.9150
83	0	1	11	0	0	0.0000	0.0025	-5.0029	0	0	0.0045	0.0326	910.4055
84	0	1	11	0	0	-0.0006	0.0008	-5.0017	0	0	-0.0431	0.0106	911.8408
85	0	1	11	0	0	0.0008	-0.0007	-4.9954	0	0	0.0596	-0.0095	910.0331
86	0	1	11	0	0	-0.0004	0.0006	-4.9980	0	0	-0.0248	0.0074	910.7069
87	0	1	11	0	0	-0.0013	-0.0016	-5.0030	0	0	-0.1093	-0.0208	909.1960
88	0	1	11	0	0	0.0006	-0.0004	-4.9956	0	0	0.0490	-0.0057	911.3244
89	0	1	11	0	0	-0.0003	-0.0015	-4.9934	0	0	-0.0208	-0.0200	912.4055
90	0	1	11	0	0	-0.0007	0.0000	-4.9949	0	0	-0.0559	-0.0006	912.1462
91	0	1	11	0	0	0.0002	0.0006	-5.0047	0	0	0.0142	0.0075	909.8850
92	0	1	11	0	0	-0.0003	-0.0007	-5.0007	0	0	-0.0188	-0.0087	910.8792
93	0	1	11	0	0	-0.0003	0.0020	-5.0067	0	0	-0.0208	0.0264	909.1190
94	0	1	11	0	0	-0.0001	-0.0007	-4.9992	0	0	-0.0006	-0.0089	910.0294
95	0	1	11	0	0	-0.0004	-0.0001	-5.0040	0	0	-0.0309	-0.0023	911.0998
96	0	1	11	0	0	-0.0000	-0.0004	-4.9968	0	0	0.0002	-0.0057	910.6609
97	0	1	11	0	0	-0.0003	0.0005	-5.0025	0	0	-0.0198	0.0073	911.1481
98	0	1	11	0	0	-0.0001	-0.0001	-5.0035	0	0	-0.0037	-0.0018	911.0119
99	0	1	11	0	0	0.0006	0.0004	-5.0021	0	0	0.0550	0.0060	912.4342
100	0	1	11	0	0	0.0000	0.0025	-5.0029	0	0	0.0027	0.0329	910.9375
101	0	1	11	0	0	0.0002	0.0016	-5.0017	0	0	0.0254	0.0217	910.4007
102	0	1	11	0	0	-0.0011	0.0006	-4.9986	0	0	-0.0843	0.0075	910.4301
103	0	1	11	0	0	-0.0002	-0.0010	-4.9979	0	0	-0.0221	-0.0132	910.7314
104	0	1	11	0	0	-0.0003	-0.0003	-5.0047	0	0	-0.0193	-0.0045	912.7676
105	0	1	11	0	0	0.0009	-0.0026	-4.9937	0	0	0.0766	-0.0351	911.4658
106	0	1	11	0	0	0.0006	0.0015	-5.0019	0	0	0.0431	0.0201	910.7066
107	0	1	11	0	0	0.0002	0.0022	-5.0039	0	0	0.0148	0.0294	909.1859
108	0	1	11	0	0	0.0008	-0.0004	-5.0008	0	0	0.0626	-0.0053	911.5653
109	0	1	11	0	0	0.0003	0.0024	-5.0009	0	0	0.0310	0.0315	911.3483
110	0	1	11	0	0	-0.0002	-0.0012	-4.9999	0	0	-0.0175	-0.0155	911.9526
111	0	1	11	0	0	0.0003	-0.0015	-4.9922	0	0	0.0194	-0.0205	910.2617
112	0	1	11	0	0	-0.0000	-0.0014	-4.9976	0	0	-0.0024	-0.0191	911.7412
113	0	1	11	0	0	-0.0003	0.0017	-5.0074	0	0	-0.0182	0.0237	910.8398
114	0	1	11	0	0	-0.0001	-0.0010	-5.0008	0	0	-0.0113	-0.0133	911.2390
115	0	1	11	0	0	0.0001	-0.0020	-5.0024	0	0	0.0203	-0.0258	911.5010
116	0	1	11	0	0	-0.0003	0.0031	-4.9884	0	0	-0.0245	0.0408	911.1828
117	0	1	11	0	0	0.0001	-0.0009	-4.9922	0	0	0.0069	-0.0121	910.4624
118	0	1	11	0	0	0.0005	0.0026	-4.9993	0	0	0.0362	0.0344	910.2054
119	0	1	11	0	0	-0.0001	-0.0005	-5.0063	0	0	-0.0069	-0.0071	909.7548
120	0	1	11	0	0	-0.0002	-0.0002	-5.0012	0	0	-0.0188	-0.0034	912.8500
121	0	1	11	0	0	-0.0001	0.0007	-5.0037	0	0	-0.0037	0.0097	911.1903
122	0	1	11	0	0	0.0006	0.0001	-4.9992	0	0	0.0553	0.0011	912.4221
123	0	1	11	0	0	-0.0002	-0.0030	-4.9999	0	0	-0.0031	-0.0399	910.0988
124	0	1	11	0	0	-0.0001	-0.0017	-4.9901	0	0	-0.0050	-0.0227	911.9874
125	0	1	11	0	0	0.0002	0.0001	-4.9993	0	0	0.0165	0.0018	910.3988
126	0	1	11	0	0	-0.0001	-0.0031	-5.0027	0	0	-0.0028	-0.0410	909.8804
127	0	1	11	0	0	-0.0010	-0.0007	-5.0006	0	0	-0.0717	-0.0087	911.5316
128	0	1	11	0	0	0.0004	0.0007	-5.0009	0	0	0.0287	0.0093	911.3365
129	0	1	11	0	0	-0.0004	0.0000	-4.9987	0	0	-0.0429	0.0001	910.7789
130	0	1	11	0	0	-0.0005	0.0008	-4.9972	0	0	-0.0375	0.0113	909.3652
131	0	1	11	0	0	0.0008	0.0010	-4.9991	0	0	0.0600	0.0132	909.8731
132	0	1	11	0	0	-0.0001	-0.0001	-5.0041	0	0	-0.0094	-0.0018	910.9046
133	0	1	11	0	0	-0.0004	-0.0007	-5.0033	0	0	-0.0309	-0.0094	910.8884
134	0	1	11	0	0	-0.0001	-0.0012	-5.0010	0	0	-0.0057	-0.0170	910.0100
135	0	1	11	0	0	-0.0012	0.0004	-5.0067	0	0	-0.0935	0.0049	911.8101
136	0	1	11	0	0	-0.0002	0.0012	-5.0071	0	0	-0.0147	0.0153	912.4059
137	0	1	11	0	0	0.0002	-0.0008	-4.9975	0	0	0.0151	-0.0118	912.8629
138	0	1	11	0	0	0.0004	-0.0003	-4.9996	0	0	0.0402	-0.0046	909.7479
139	0	1	11	0	0	-0.0012	-0.0018	-4.9973	0	0	-0.1043	-0.0238	910.9676
140	0	1	11	0	0	-0.0000	-0.0017	-4.9947	0	0	0.0031	-0.0224	912.6120
141	0	1	11	0	0	0.0009	-0.0015	-4.9993	0	0	0.0697	-0.0207	912.2753
142	0	1	11	0	0	-0.0003	0.0001	-5.0013	0	0	-0.0260	0.0005	912.1438
143	0	1	11	0	0	-0.0006	-0.0003	-5.0036	0	0	-0.0487	-0.0050	909.9778
144	0	1	11	0	0	-0.0004	0.0013	-4.9962	0	0	-0.0236	0.0173	911.5264
145	0	1	11	0	0	-0.0003	-0.0005	-4.9954	0	0	-0.0414	-0.0070	912.1111
146	0	1	11	0	0	0.0001	0.0002	-4.9952	0	0	0.0053	0.0019	912.2815
147	0	1	11	0	0	0.0006	0.0010	-5.0044	0	0	0.0494	0.0130	911.5208
148	0	1	11	0	0	0.0006	0.0009	-4.9939	0	0	0.0371	0.0120	910.8571
149	0	1	11	0	0	0.0002	0.0005	-5.0012	0	0	0.0250	0.0064	908.3453
150	0	1	11	0	0	0.0004	0.0005	-5.0029	0	0	0.0337	0.0077	909.7620
151	0	1	11	0	0	0.0000	0.0006	-5.0018	0	0	0.0019	0.0080	912.2239
152	0	1	11	0	0	0.0002	-0.0008	-5.0043	0	0	0.0207	-0.0101	910.9856
153	0	1	11	0	0	-0.0012	-0.0005	-4.9982	0	0	-0.0893	-0.0071	911.5116
154	0	1	11	0	0	0.0004	0.0005	-4.9993	0	0	0.0242	0.0062	910.1808
155	0	1	11	0	0	0.0005	-0.0013	-4.9947	0	0	0.0305	-0.0173	912.0250
156	0	1	11	0	0	0.0004	0.0020	-5.0005	0	0	0.0248	0.0270	912.1765
157	0	1	11	0	0	0.0014	0.0011	-4.9921	0	0	0.1228	0.0142	910.4851
158	0	1	11	0	0	0.0003	-0.0020	-5.0043	0	0	0.0287	-0.0270	911.7307
159	0	1	11	0	0	-0.0002	0.0003	-4.9912	0	0	-0.0102	0.0037	911.3441
160	0	1	11	0	0	0.0006	0.0008	-4.9987	0	0	0.0505	0.0113	910.6319
161	0	1	11	0	0	-0.0002	0.0003	-5.0026	0	0	-0.0090	0.0048	911.2070
162	0	1	11	0	0	0.0000	-0.0007	-5.0003	0	0	0.0029	-0.0099	909.4615
163	0	1	11	0	0	0.0006	-0.0017	-4.9998	0	0	0.0334	-0.0236	912.2801
164	0	1	11	0	0	0.0002	-0.0036	-4.9919	0	0	0.0160	-0.0484	910.4052
165	0	1	11	0	0	0.0003	0.0005	-5.0012	0	0	0.0134	0.0072	911.3938
166	0	1	11	0	0	-0.0001	0.0015	-4.9968	0	0	-0.0166	0.0197	912.6411
167	0	1	11	0	0	-0.0019	0.0017	-4.9938	0	0	-0.1628	0.0233	911.4015
168	0	1	11	0	0	0.0002	-0.0004	-5.0051	0	0	0.0160	-0.0061	909.5765
169	0	1	11	0	0	-0.0007	0.0005	-5.0137	0	0	-0.0631	0.0071	911.0676
170	0	1	11	0	0	-0.0004	0.0006	-4.9968	0	0	-0.0402	0.0072	910.4661
171	0	1	11	0	0	0.0001	-0.0002	-5.0062	0	0	0.0233	-0.0037	913.8127
172	0	1	11	0	0	-0.0001	-0.0003	-4.9990	0	0	-0.0053	-0.0041	911.7214
173	0	1	11	0	0	-0.0009	0.0008	-4.9954	0	0	-0.0680	0.0107	911.9194
174	0	1	11	0	0	0.0002	0.0009	-4.9959	0	0	0.0144	0.0117	911.1681
175	0	1	11	0	0	-0.0004	0.0001	-4.9998	0	0	-0.0272	0.0018	911.2926
176	0	1	11	0	0	-0.0009	-0.0003	-4.9967	0	0	-0.0602	-0.0035	911.7893
177	0	1	11	0	0	0.0008	0.0006	-5.0001	0	0	0.0697	0.0078	911.4630
178	0	1	11	0	0	0.0005	0.0013	-5.0047	0	0	0.0427	0.0174	910.3340
179	0	1	11	0	0	-0.0001	0.0009	-5.0077	0	0	-0.0079	0.0109	911.5897
180	0	1	11	0	0	0.0002	0.0001	-4.9946	0	0	0.0195	0.0015	911.5689
181	0	1	11	0	0	0.0001	-0.0003	-5.0020	0	0	-0.0031	-0.0050	910.3260
182	0	1	11	0	0	0.0006	-0.0000	-5.0084	0	0	0.0550	0.0001	912.0659
183	0	1	11	0	0	0.0002	-0.0021	-5.0031	0	0	0.0316	-0.0282	908.6696
184	0	1	11	0	0	-0.0003	-0.0011	-5.0055	0	0	-0.0232	-0.0146	911.8853
185	0	1	11	0	0	0.0008	-0.0006	-4.9944	0	0	0.0577	-0.0082	911.7725
186	0	1	11	0	0	0.0003	-0.0008	-5.0025	0	0	0.0298	-0.0106	909.9058
187	0	1	11	0	0	0.0006	0.0000	-5.0041	0	0	0.0535	0.0004	911.2167
188	0	1	11	0	0	0.0005	0.0018	-4.9972	0	0	0.0448	0.0248	912.5504
189	0	1	11	0	0	-0.0003	0.0011	-4.9975	0	0	-0.0214	0.0157	910.7065
190	0	1	11	0	0	0.0001	0.0014	-5.0003	0	0	0.0137	0.0191	911.3334
191	0	1	11	0	0	-0.0003	-0.0000	-4.9984	0	0	-0.0334	-0.0009	911.9978
192	0	1	11	0	0	0.0007	-0.0000	-5.0027	0	0	0.0622	-0.0002	910.9424
193	0	1	11	0	0	-0.0002	-0.0000	-4.9960	0	0	-0.0129	0.0000	911.8217
194	0	1	11	0	0	0.0003	0.0015	-5.0092	0	0	0.0272	0.0194	912.3195
195	0	1	11	0	0	0.0005	-0.0006	-5.0044	0	0	0.0327	-0.0082	910.8028
196	0	1	11	0	0	0.0001	-0.0017	-4.9994	0	0	0.0075	-0.0221	911.0014
197	0	1	11	0	0	-0.0007	0.0021	-4.9964	0	0	-0.0467	0.0289	910.0887
198	0	1	11	0	0	-0.0002	-0.0011	-4.9931	0	0	-0.0151	-0.0145	911.5022
199	0	1	11	0	0	-0.0004	-0.0012	-5.0050	0	0	-0.0303	-0.0157	911.8345
200	0	1	11	0	0	0.0003	0.0005	-4.9941	0	0	0.0188	0.0073	911.4513
201	0	1	11	0	0	-0.0014	-0.0016	-4.9990	0	0	-0.1040	-0.0214	909.9555
202	0	1	11	0	0	0.0002	-0.0002	-4.9993	0	0	0.0187	-0.0024	911.7365
203	0	1	11	0	0	0.0002	-0.0008	-4.9931	0	0	0.0123	-0.0115	910.3571
204	0	1	11	0	0	0.0000	0.0023	-5.0069	0	0	-0.0031	0.0305	912.4118
205	0	1	11	0	0	-0.0001	-0.0019	-5.0030	0	0	-0.0076	-0.0250	909.7631
206	0	1	11	0	0	0.0004	-0.0010	-4.9978	0	0	0.0290	-0.0123	911.2106
207	0	1	11	0	0	0.0006	0.0009	-5.0001	0	0	0.0443	0.0115	912.2379
208	0	1	11	0	0	0.0000	-0.0022	-5.0028	0	0	0.0053	-0.0301	910.6338
209	0	1	11	0	0	0.0012	0.0012	-5.0086	0	0	0.1030	0.0152	911.4367
210	0	1	11	0	0	0.0009	-0.0007	-5.0057	0	0	0.0679	-0.0101	911.2826
211	0	1	11	0	0	-0.0002	-0.0015	-4.9994	0	0	-0.0178	-0.0202	911.8827
212	0	1	11	0	0	0.0004	0.0013	-4.9999	0	0	0.0321	0.0175	911.1991
213	0	1	11	0	0	0.0001	0.0002	-5.0053	0	0	0.0081	0.0019	909.9235
214	0	1	11	0	0	-0.0003	0.0007	-4.9975	0	0	-0.0174	0.0096	912.3616
215	0	1	11	0	0	0.0003	-0.0014	-4.9993	0	0	0.0168	-0.0190	908.6501
216	0	1	11	0	0	-0.0002	-0.0009	-4.9906	0	0	-0.0155	-0.0124	909.6203
217	0	1	11	0	0	-0.0004	0.0003	-5.0027	0	0	-0.0294	0.0035	911.9628
218	0	1	11	0	0	-0.0002	-0.0000	-4.9915	0	0	-0.0146	-0.0004	910.7733
219	0	1	11	0	0	0.0002	0.0001	-4.9971	0	0	0.0210	0.0011	911.8879
220	0	1	11	0	0	0.0001	0.0006	-5.0023	0	0	0.0081	0.0087	910.9811
221	0	1	11	0	0	0.0006	0.0006	-4.9980	0	0	0.0423	0.0085	910.4176
222	0	1	11	0	0	0.0002	0.0023	-5.0026	0	0	0.0208	0.0313	911.1856
223	0	1	11	0	0	0.0003	-0.0001	-4.9976	0	0	0.0252	-0.0008	911.6236
224	0	1	11	0	0	0.0003	0.0009	-5.0086	0	0	0.0261	0.0124	912.3313
225	0	1	11	0	0	0.0011	0.0003	-4.9954	0	0	0.1003	0.0041	911.3734
226	0	1	11	0	0	-0.0000	-0.0021	-5.0015	0	0	-0.0039	-0.0282	911.2700
227	0	1	11	0	0	0.0014	0.0007	-4.9970	0	0	0.1221	0.0098	908.9291
228	0	1	11	0	0	0.0011	0.0003	-5.0081	0	0	0.0977	0.0031	911.8791
229	0	1	11	0	0	-0.0005	-0.0002	-4.9952	0	0	-0.0465	-0.0024	912.1298
230	0	1	11	0	0	0.0004	0.0015	-4.9920	0	0	0.0285	0.0206	912.1158
231	0	1	11	0	0	0.0002	-0.0013	-5.0069	0	0	0.0240	-0.0165	911.0379
232	0	1	11	0	0	-0.0004	0.0010	-5.0012	0	0	-0.0359	0.0142	910.8483
233	0	1	11	0	0	0.0004	-0.0004	-5.0004	0	0	0.0322	-0.0053	910.9308
234	0	1	11	0	0	0.0009	-0.0020	-5.0019	0	0	0.0667	-0.0260	910.5294
235	0	1	11	0	0	0.0005	-0.0016	-4.9940	0	0	0.0382	-0.0214	909.7898
236	0	1	11	0	0	0.0001	-0.0009	-5.0016	0	0	0.0184	-0.0129	910.2516
237	0	1	11	0	0	0.0002	0.0023	-5.0004	0	0	0.0194	0.0315	911.2374
238	0	1	11	0	0	0.0002	-0.0002	-5.0027	0	0	0.0274	-0.0040	910.7149
239	0	1	11	0	0	-0.0007	0.0032	-5.0014	0	0	-0.0561	0.0430	911.4848
240	0	1	11	0	0	-0.0002	0.0004	-4.9944	0	0	-0.0219	0.0051	911.3558
241	0	1	11	0	0	0.0001	-0.0028	-4.9950	0	0	0.0130	-0.0375	910.3524
242	0	1	11	0	0	0.0004	-0.0020	-4.9965	0	0	0.0402	-0.0267	910.3612
243	0	1	11	0	0	-0.0005	-0.0015	-4.9977	0	0	-0.0316	-0.0207	909.5495
244	0	1	11	0	0	0.0001	-0.0014	-5.0030	0	0	0.0031	-0.0192	913.1133
245	0	1	11	0	0	-0.0002	-0.0006	-4.9967	0	0	-0.0167	-0.0084	910.4193
246	0	1	11	0	0	0.0009	-0.0010	-5.0019	0	0	0.0819	-0.0147	912.0108
247	0	1	11	0	0	-0.0005	0.0019	-5.0036	0	0	-0.0371	0.0258	912.6064
248	0	1	11	0	0	-0.0002	0.0001	-4.9959	0	0	-0.0071	0.0016	911.1929
249	0	1	11	0	0	0.0002	0.0003	-5.0032	0	0	0.0164	0.0041	909.7225
250	0	1	11	0	0	0.0001	-0.0006	-4.9957	0	0	0.0014	-0.0088	910.1285
251	0	1	11	0	0	-0.0003	0.0013	-5.0018	0	0	-0.0288	0.0174	911.0075
252	0	1	11	0	0	0.0001	-0.0024	-5.0002	0	0	0.0171	-0.0324	909.8617
253	0	1	11	0	0	0.0006	-0.0020	-4.9945	0	0	0.0450	-0.0264	910.2299
254	0	1	11	0	0	0.0002	-0.0000	-4.9975	0	0	0.0194	-0.0013	910.1553
255	0	1	11	0	0	0.0008	0.0033	-4.9989	0	0	0.0658	0.0448	911.3404
256	0	1	11	0	0	-0.0004	-0.0002	-5.0005	0	0	-0.0390	-0.0018	911.4408
257	0	1	11	0	0	-0.0011	-0.0001	-5.0051	0	0	-0.0834	-0.0022	911.2531
258	0	1	11	0	0	0.0001	-0.0024	-4.9950	0	0	0.0082	-0.0331	910.4143
259	0	1	11	0	0	0.0006	0.0004	-5.0003	0	0	0.0490	0.0054	910.8298
260	0	1	11	0	0	0.0003	0.0003	-5.0046	0	0	0.0293	0.0037	910.4824
261	0	1	11	0	0	-0.0003	-0.0005	-4.9983	0	0	-0.0100	-0.0066	909.3475
262	0	1	11	0	0	-0.0007	0.0012	-5.0020	0	0	-0.0649	0.0159	911.0002
263	0	1	11	0	0	0.0003	-0.0004	-4.9982	0	0	0.0169	-0.0048	910.0894
264	0	1	11	0	0	0.0002	-0.0011	-4.9943	0	0	0.0114	-0.0139	912.0074
265	0	1	11	0	0	0.0005	-0.0013	-4.9928	0	0	0.0560	-0.0176	910.2104
266	0	1	11	0	0	-0.0004	-0.0012	-5.0005	0	0	-0.0238	-0.0164	911.3433
267	0	1	11	0	0	-0.0004	0.0005	-4.9951	0	0	-0.0272	0.0071	909.7392
268	0	1	11	0	0	-0.0003	0.0005	-5.0046	0	0	-0.0183	0.0060	910.2376
269	0	1	11	0	0	-0.0001	0.0007	-4.9973	0	0	-0.0064	0.0096	910.0988
270	0	1	11	0	0	0.0004	0.0011	-5.0096	0	0	0.0330	0.0143	910.8613
271	0	1	11	0	0	0.0008	0.0012	-4.9985	0	0	0.0656	0.0151	911.9334
272	0	1	11	0	0	0.0001	-0.0012	-4.9953	0	0	-0.0025	-0.0155	911.8056
273	0	1	11	0	0	0.0010	0.0018	-5.0053	0	0	0.0693	0.0236	909.2131
274	0	1	11	0	0	-0.0008	-0.0008	-4.9954	0	0	-0.0677	-0.0110	910.8407
275	0	1	11	0	0	-0.0002	-0.0023	-4.9940	0	0	-0.0240	-0.0304	908.9306
276	0	1	11	0	0	-0.0004	-0.0023	-5.0025	0	0	-0.0297	-0.0297	911.4913
277	0	1	11	0	0	-0.0011	0.0019	-4.9994	0	0	-0.0896	0.0247	910.3955
278	0	1	11	0	0	0.0006	0.0003	-5.0030	0	0	0.0484	0.0035	910.3297
279	0	1	11	0	0	-0.0004	0.0020	-5.0010	0	0	-0.0340	0.0268	911.6757
280	0	1	11	0	0	0.0002	0.0004	-5.0057	0	0	0.0152	0.0056	909.6845
281	0	1	11	0	0	-0.0004	-0.0022	-5.0061	0	0	-0.0315	-0.0296	912.0322
282	0	1	11	0	0	-0.0002	-0.0010	-4.9984	0	0	-0.0142	-0.0129	911.7145
283	0	1	11	0	0	-0.0003	0.0008	-5.0013	0	0	-0.0242	0.0103	912.6991
284	0	1	11	0	0	0.0004	-0.0034	-4.9922	0	0	0.0379	-0.0458	908.9775
285	0	1	11	0	0	-0.0001	0.0020	-4.9960	0	0	-0.0087	0.0275	910.0754
286	0	1	11	0	0	0.0006	-0.0006	-5.0021	0	0	0.0465	-0.0087	910.9575
287	0	1	11	0	0	0.0002	-0.0010	-4.9928	0	0	0.0148	-0.0139	911.4507
288	0	1	11	0	0	-0.0007	0.0027	-4.9984	0	0	-0.0592	0.0366	912.6300
289	0	1	11	0	0	0.0007	0.0016	-4.9983	0	0	0.0549	0.0214	910.3308
290	0	1	11	0	0	-0.0000	-0.0014	-5.0016	0	0	0.0025	-0.0179	911.5567
291	0	1	11	0	0	0.0000	-0.0014	-4.9905	0	0	0.0048	-0.0189	910.6116
292	0	1	11	0	0	-0.0002	-0.0004	-5.0017	0	0	-0.0034	-0.0055	911.8954
293	0	1	11	0	0	-0.0003	0.0006	-4.9961	0	0	-0.0201	0.0083	910.3935
294	0	1	11	0	0	-0.0005	-0.0011	-4.9965	0	0	-0.0440	-0.0154	909.8133
295	0	1	11	0	0	-0.0004	0.0009	-5.0023	0	0	-0.0351	0.0126	911.4774
296	0	1	11	0	0	-0.0002	-0.0007	-4.9987	0	0	-0.0186	-0.0087	911.3877
297	0	1	11	0	0	0.0004	0.0020	-4.9975	0	0	0.0286	0.0265	908.9278
298	0	1	11	0	0	-0.0002	-0.0012	-4.9945	0	0	-0.0100	-0.0162	911.4267
299	0	1	11	0	0	-0.0003	0.0011	-4.9934	0	0	-0.0373	0.0133	908.9333
300	0	1	11	0	0	0.0001	0.0004	-4.9930	0	0	0.0098	0.0052	912.3955
301	0	1	11	0	0	0.0005	-0.0004	-5.0092	0	0	0.0424	-0.0055	910.7440
302	0	1	11	0	0	0.0010	-0.0008	-5.0011	0	0	0.0686	-0.0105	911.3087
303	0	1	11	0	0	0.0004	-0.0001	-5.0011	0	0	0.0297	-0.0021	911.2468
304	0	1	11	0	0	0.0002	-0.0002	-4.9934	0	0	0.0160	-0.0025	910.2517
305	0	1	11	0	0	-0.0000	-0.0007	-4.9960	0	0	-0.0008	-0.0094	910.6482
306	0	1	11	0	0	-0.0007	0.0007	-5.0056	0	0	-0.0650	0.0100	911.1581
307	0	1	11	0	0	0.0008	0.0003	-5.0084	0	0	0.0681	0.0042	912.2877
308	0	1	11	0	0	-0.0001	0.0013	-4.9967	0	0	-0.0200	0.0167	912.5859
309	0	1	11	0	0	0.0012	-0.0000	-4.9994	0	0	0.0883	-0.0007	912.3048
310	0	1	11	0	0	0.0003	-0.0009	-5.0033	0	0	0.0258	-0.0119	910.8222
311	0	1	11	0	0	-0.0001	0.0001	-4.9910	0	0	-0.0044	0.0018	911.0655
312	0	1	11	0	0	0.0001	0.0012	-4.9977	0	0	0.0152	0.0153	910.8896
313	0	1	11	0	0	0.0006	-0.0008	-4.9993	0	0	0.0431	-0.0101	913.5823
314	0	1	11	0	0	0.0008	-0.0008	-5.0098	0	0	0.0703	-0.0104	912.6967
315	0	1	11	0	0	-0.0006	0.0005	-4.9921	0	0	-0.0508	0.0071	909.6861
316	0	1	11	0	0	-0.0003	-0.0010	-5.0052	0	0	-0.0210	-0.0142	910.8597
317	0	1	11	0	0	0.0006	-0.0008	-4.9911	0	0	0.0451	-0.0100	910.9216
318	0	1	11	0	0	-0.0001	-0.0024	-4.9951	0	0	-0.0105	-0.0322	910.3054
319	0	1	11	0	0	-0.0002	0.0005	-4.9910	0	0	-0.0218	0.0071	909.8501
320	0	1	11	0	0	-0.0001	0.0019	-4.9978	0	0	-0.0101	0.0252	909.2879
321	0	1	11	0	0	-0.0003	0.0035	-4.9958	0	0	-0.0324	0.0465	910.8255
322	0	1	11	0	0	-0.0002	-0.0007	-4.9936	0	0	-0.0107	-0.0092	911.8827
323	0	1	11	0	0	0.0002	0.0026	-4.9950	0	0	0.0162	0.0353	911.0369
324	0	1	11	0	0	0.0005	-0.0005	-5.0050	0	0	0.0332	-0.0076	909.7500
325	0	1	11	0	0	0.0000	0.0014	-4.9896	0	0	0.0013	0.0175	911.3688
326	0	1	11	0	0	-0.0001	-0.0007	-4.9961	0	0	-0.0011	-0.0097	909.3044
327	0	1	11	0	0	-0.0005	0.0021	-5.0032	0	0	-0.0372	0.0279	911.1110
328	0	1	11	0	0	0.0003	-0.0006	-4.9940	0	0	0.0298	-0.0071	910.3181
329	0	1	11	0	0	-0.0005	-0.0021	-4.9979	0	0	-0.0353	-0.0283	911.2683
330	0	1	11	0	0	0.0001	0.0013	-4.9999	0	0	0.0129	0.0169	910.6701
331	0	1	11	0	0	-0.0003	-0.0002	-4.9946	0	0	-0.0217	-0.0033	911.4557
332	0	1	11	0	0	-0.0008	0.0033	-5.0028	0	0	-0.0645	0.0446	911.3265
333	0	1	11	0	0	-0.0004	-0.0004	-5.0074	0	0	-0.0400	-0.0049	911.5990
334	0	1	11	0	0	0.0005	-0.0007	-4.9896	0	0	0.0434	-0.0098	910.6732
335	0	1	11	0	0	0.0013	-0.0013	-5.0076	0	0	0.0990	-0.0172	909.5909
336	0	1	11	0	0	-0.0000	0.0002	-5.0002	0	0	0.0067	0.0021	911.3740
337	0	1	11	0	0	-0.0003	-0.0022	-5.0020	0	0	-0.0151	-0.0288	911.4311
338	0	1	11	0	0	0.0002	-0.0001	-5.0019	0	0	0.0099	-0.0007	910.5455
339	0	1	11	0	0	-0.0001	0.0001	-4.9967	0	0	-0.0011	0.0012	910.0866
340	0	1	11	0	0	0.0002	-0.0020	-5.0059	0	0	0.0273	-0.0269	911.7009
341	0	1	11	0	0	-0.0001	-0.0015	-4.9976	0	0	-0.0153	-0.0198	910.7001
342	0	1	11	0	0	-0.0005	0.0001	-5.0094	0	0	-0.0442	0.0015	910.5061
343	0	1	11	0	0	0.0001	0.0009	-5.0050	0	0	0.0151	0.0126	911.3236
344	0	1	11	0	0	0.0004	0.0017	-5.0068	0	0	0.0291	0.0225	911.3860
345	0	1	11	0	0	0.0005	0.0017	-4.9926	0	0	0.0415	0.0237	911.4407
346	0	1	11	0	0	-0.0004	-0.0014	-5.0055	0	0	-0.0232	-0.0185	911.7278
347	0	1	11	0	0	0.0004	-0.0008	-5.0036	0	0	0.0294	-0.0099	910.0421
348	0	1	11	0	0	0.0001	-0.0012	-4.9929	0	0	0.0042	-0.0164	910.4581
349	0	1	11	0	0	-0.0003	-0.0016	-5.0008	0	0	-0.0317	-0.0214	910.5615
350	0	1	11	0	0	-0.0002	0.0008	-4.9952	0	0	-0.0124	0.0100	909.6808
351	0	1	11	0	0	0.0002	-0.0044	-4.9968	0	0	0.0072	-0.0581	910.5341
352	0	1	11	0	0	0.0004	-0.0010	-4.9960	0	0	0.0278	-0.0132	911.6252
353	0	1	11	0	0	0.0002	-0.0003	-5.0087	0	0	0.0094	-0.0043	910.4101
354	0	1	11	0	0	0.0001	-0.0000	-5.0029	0	0	0.0019	-0.0002	910.6561
355	0	1	11	0	0	0.0002	0.0010	-5.0081	0	0	0.0259	0.0145	912.1051
356	0	1	11	0	0	0.0008	-0.0006	-5.0017	0	0	0.0748	-0.0087	909.8464
357	0	1	11	0	0	-0.0001	0.0008	-4.9964	0	0	-0.0095	0.0103	909.4859
358	0	1	11	0	0	-0.0006	-0.0005	-4.9944	0	0	-0.0358	-0.0063	910.3778
359	0	1	11	0	0	-0.0007	0.0015	-5.0010	0	0	-0.0558	0.0200	910.7502
360	0	1	11	0	0	0.0005	-0.0007	-5.0090	0	0	0.0406	-0.0095	911.5909
361	0	1	11	0	0	0.0007	-0.0020	-4.9952	0	0	0.0603	-0.0268	910.1265
362	0	1	11	0	0	-0.0011	0.0008	-5.0036	0	0	-0.0892	0.0106	910.7066
363	0	1	11	0	0	0.0003	-0.0016	-4.9968	0	0	0.0353	-0.0210	910.5265
364	0	1	11	0	0	0.0002	-0.0003	-4.9967	0	0	0.0297	-0.0044	912.0403
365	0	1	11	0	0	0.0006	0.0022	-5.0029	0	0	0.0467	0.0287	910.7404
366	0	1	11	0	0	-0.0003	0.0003	-4.9965	0	0	-0.0254	0.0038	911.1935
367	0	1	11	0	0	0.0002	-0.0006	-4.9946	0	0	0.0099	-0.0084	910.2106
368	0	1	11	0	0	0.0003	0.0001	-4.9971	0	0	0.0245	0.0017	910.5061
369	0	1	11	0	0	-0.0001	-0.0005	-5.0107	0	0	-0.0055	-0.0070	910.8204
370	0	1	11	0	0	-0.0005	0.0002	-5.0035	0	0	-0.0353	0.0030	910.2208
371	0	1	11	0	0	0.0001	0.0011	-5.0049	0	0	0.0071	0.0140	909.0646
372	0	1	11	0	0	0.0002	-0.0004	-4.9944	0	0	0.0135	-0.0052	911.0337
373	0	1	11	0	0	-0.0007	-0.0006	-4.9999	0	0	-0.0487	-0.0076	912.1797
374	0	1	11	0	0	-0.0011	0.0009	-5.0036	0	0	-0.0909	0.0124	910.3801
375	0	1	11	0	0	-0.0004	0.0015	-5.0056	0	0	-0.0366	0.0200	910.2455
376	0	1	11	0	0	-0.0005	-0.0003	-5.0071	0	0	-0.0423	-0.0040	911.5003
377	0	1	11	0	0	-0.0004	-0.0004	-5.0022	0	0	-0.0341	-0.0059	911.6185
378	0	1	11	0	0	-0.0004	0.0011	-4.9953	0	0	-0.0412	0.0150	911.5601
379	0	1	11	0	0	0.0002	-0.0012	-5.0043	0	0	0.0161	-0.0168	909.7994
380	0	1	11	0	0	0.0010	-0.0005	-4.9967	0	0	0.0769	-0.0069	911.5783
381	0	1	11	0	0	-0.0007	0.0014	-4.9931	0	0	-0.0557	0.0191	912.4442
382	0	1	11	0	0	0.0002	0.0001	-4.9975	0	0	0.0145	0.0018	911.3624
383	0	1	11	0	0	0.0002	0.0015	-4.9975	0	0	0.0109	0.0202	911.5096
384	0	1	11	0	0	0.0001	0.0009	-4.9966	0	0	0.0032	0.0114	911.9390
385	0	1	11	0	0	-0.0004	-0.0003	-4.9985	0	0	-0.0403	-0.0039	911.8684
386	0	1	11	0	0	0.0002	0.0007	-5.0016	0	0	0.0168	0.0090	910.8186
387	0	1	11	0	0	0.0005	-0.0017	-5.0092	0	0	0.0353	-0.0231	910.9443
388	0	1	11	0	0	-0.0007	0.0015	-5.0053	0	0	-0.0614	0.0195	910.9798
389	0	1	11	0	0	0.0002	0.0013	-5.0000	0	0	0.0149	0.0174	910.6462
390	0	1	11	0	0	0.0004	0.0021	-5.0039	0	0	0.0384	0.0288	912.2685
391	0	1	11	0	0	-0.0003	-0.0019	-5.0033	0	0	-0.0158	-0.0260	910.2721
392	0	1	11	0	0	-0.0001	-0.0023	-4.9896	0	0	-0.0151	-0.0309	910.8432
393	0	1	11	0	0	0.0007	-0.0007	-4.9965	0	0	0.0531	-0.0084	911.4317
394	0	1	11	0	0	0.0011	-0.0029	-4.9975	0	0	0.0868	-0.0390	912.5244
395	0	1	11	0	0	-0.0006	0.0006	-5.0045	0	0	-0.0424	0.0083	910.7703
396	0	1	11	0	0	0.0005	0.0018	-4.9976	0	0	0.0493	0.0249	911.8042
397	0	1	11	0	0	-0.0001	0.0013	-5.0070	0	0	-0.0139	0.0172	911.7857
398	0	1	11	0	0	0.0000	-0.0018	-5.0059	0	0	0.0024	-0.0241	911.2447
399	0	1	11	0	0	0.0002	-0.0015	-4.9978	0	0	0.0153	-0.0189	911.8171
400	0	1	11	0	0	-0.0001	-0.0008	-5.0021	0	0	-0.0097	-0.0119	912.0713
401	0	1	11	0	0	0.0000	0.0004	-5.0053	0	0	0.0078	0.0050	910.4890
402	0	1	11	0	0	-0.0004	-0.0004	-4.9972	0	0	-0.0413	-0.0057	909.5955
403	0	1	11	0	0	-0.0003	0.0017	-4.9976	0	0	-0.0187	0.0238	910.1600
404	0	1	11	0	0	-0.0001	-0.0020	-5.0079	0	0	-0.0080	-0.0271	913.0002
405	0	1	11	0	0	0.0003	-0.0023	-4.9966	0	0	0.0205	-0.0307	911.2782
406	0	1	11	0	0	0.0010	-0.0012	-4.9969	0	0	0.0749	-0.0159	911.2863
407	0	1	11	0	0	0.0004	0.0001	-5.0012	0	0	0.0301	0.0004	909.7840
408	0	1	11	0	0	-0.0002	-0.0004	-4.9978	0	0	-0.0156	-0.0053	910.3243
409	0	1	11	0	0	0.0004	0.0011	-4.9959	0	0	0.0357	0.0144	911.5095
410	0	1	11	0	0	0.0011	0.0020	-4.9958	0	0	0.0889	0.0273	912.1913
411	0	1	11	0	0	0.0001	-0.0016	-4.9973	0	0	0.0130	-0.0222	911.1588
412	0	1	11	0	0	0.0003	0.0001	-5.0035	0	0	0.0266	0.0004	911.9497
413	0	1	11	0	0	0.0002	-0.0000	-5.0038	0	0	0.0134	-0.0002	911.1956
414	0	1	11	0	0	-0.0001	-0.0003	-4.9979	0	0	-0.0079	-0.0043	911.1196
415	0	1	11	0	0	-0.0004	0.0014	-4.9951	0	0	-0.0328	0.0187	911.6523
416	0	1	11	0	0	-0.0004	-0.0019	-5.0066	0	0	-0.0268	-0.0248	911.5346
417	0	1	11	0	0	-0.0011	-0.0014	-5.0022	0	0	-0.0894	-0.0178	909.8040
418	0	1	11	0	0	-0.0003	-0.0040	-4.9986	0	0	-0.0274	-0.0536	911.9083
419	0	1	11	0	0	-0.0001	-0.0015	-5.0063	0	0	-0.0065	-0.0208	910.5183
420	0	1	11	0	0	-0.0007	-0.0032	-5.0007	0	0	-0.0568	-0.0434	911.6982
421	0	1	11	0	0	0.0003	-0.0010	-4.9987	0	0	0.0194	-0.0141	910.7829
422	0	1	11	0	0	0.0002	-0.0011	-4.9894	0	0	0.0158	-0.0142	910.0778
423	0	1	11	0	0	0.0007	0.0000	-4.9906	0	0	0.0416	-0.0002	910.9778
424	0	1	11	0	0	0.0003	0.0006	-4.9997	0	0	0.0157	0.0084	910.5486
425	0	1	11	0	0	-0.0001	0.0018	-5.0012	0	0	-0.0042	0.0244	914.0862
426	0	1	11	0	0	-0.0004	0.0005	-5.0022	0	0	-0.0405	0.0070	910.9906
427	0	1	11	0	0	0.0002	0.0022	-4.9947	0	0	0.0224	0.0293	912.5233
428	0	1	11	0	0	-0.0005	-0.0021	-4.9902	0	0	-0.0438	-0.0285	911.3266
429	0	1	11	0	0	0.0000	0.0002	-5.0081	0	0	0.0002	0.0027	909.9192
430	0	1	11	0	0	0.0000	0.0021	-4.9945	0	0	0.0009	0.0277	911.6153
431	0	1	11	0	0	0.0000	0.0010	-4.9944	0	0	0.0063	0.0131	911.4573
432	0	1	11	0	0	0.0006	-0.0021	-4.9988	0	0	0.0380	-0.0277	909.7162
433	0	1	11	0	0	-0.0004	-0.0005	-4.9893	0	0	-0.0293	-0.0064	910.3711
434	0	1	11	0	0	0.0008	-0.0012	-4.9973	0	0	0.0608	-0.0154	911.8862
435	0	1	11	0	0	0.0002	-0.0005	-4.9943	0	0	0.0006	-0.0067	911.6732
436	0	1	11	0	0	-0.0002	0.0022	-5.0021	0	0	-0.0227	0.0295	911.9500
437	0	1	11	0	0	-0.0006	0.0009	-4.9979	0	0	-0.0428	0.0125	911.6215
438	0	1	11	0	0	-0.0006	-0.0028	-4.9965	0	0	-0.0395	-0.0369	910.8546
439	0	1	11	0	0	-0.0005	-0.0003	-4.9966	0	0	-0.0326	-0.0041	911.6580
440	0	1	11	0	0	0.0001	-0.0000	-4.9915	0	0	0.0086	-0.0003	911.5346
441	0	1	11	0	0	-0.0007	0.0003	-5.0004	0	0	-0.0636	0.0050	910.9454
442	0	1	11	0	0	-0.0002	-0.0003	-4.9990	0	0	-0.0193	-0.0039	909.3000
443	0	1	11	0	0	-0.0002	0.0003	-4.9970	0	0	-0.0229	0.0047	911.9926
444	0	1	11	0	0	0.0006	0.0004	-5.0022	0	0	0.0504	0.0053	912.1035
445	0	1	11	0	0	-0.0001	0.0007	-5.0003	0	0	-0.0093	0.0093	910.0958
446	0	1	11	0	0	-0.0004	-0.0010	-5.0094	0	0	-0.0333	-0.0143	911.9036
447	0	1	11	0	0	-0.0003	-0.0026	-5.0045	0	0	-0.0278	-0.0343	910.5950
448	0	1	11	0	0	-0.0001	-0.0011	-4.9985	0	0	-0.0003	-0.0152	911.5899
449	0	1	11	0	0	-0.0000	0.0025	-5.0037	0	0	0.0003	0.0341	911.2230
450	0	1	11	0	0	0.0009	-0.0010	-4.9966	0	0	0.0783	-0.0134	911.8208
451	0	1	11	0	0	0.0000	-0.0009	-5.0030	0	0	0.0063	-0.0124	911.3323
452	0	1	11	0	0	0.0005	0.0023	-4.9908	0	0	0.0415	0.0309	911.8790
453	0	1	11	0	0	-0.0011	-0.0000	-5.0069	0	0	-0.0975	-0.0005	911.4513
454	0	1	11	0	0	0.0009	-0.0005	-5.0009	0	0	0.0727	-0.0061	911.5711
455	0	1	11	0	0	-0.0010	0.0007	-4.9971	0	0	-0.0769	0.0096	911.3398
456	0	1	11	0	0	-0.0012	0.0011	-4.9919	0	0	-0.0960	0.0153	912.3498
457	0	1	11	0	0	-0.0002	-0.0033	-4.9997	0	0	-0.0270	-0.0435	912.0676
458	0	1	11	0	0	0.0003	0.0001	-5.0009	0	0	0.0335	0.0013	912.0539
459	0	1	11	0	0	-0.0002	0.0017	-5.0065	0	0	-0.0221	0.0226	910.1908
460	0	1	11	0	0	0.0007	-0.0014	-4.9897	0	0	0.0511	-0.0191	910.9733
461	0	1	11	0	0	0.0002	0.0015	-5.0083	0	0	0.0145	0.0205	911.2142
462	0	1	11	0	0	-0.0005	0.0020	-4.9969	0	0	-0.0314	0.0270	911.3892
463	0	1	11	0	0	-0.0001	-0.0013	-4.9963	0	0	-0.0095	-0.0179	911.5492
464	0	1	11	0	0	-0.0003	-0.0004	-4.9970	0	0	-0.0245	-0.0050	910.7337
465	0	1	11	0	0	-0.0003	-0.0019	-4.9994	0	0	-0.0233	-0.0249	909.7637
466	0	1	11	0	0	0.0001	0.0007	-5.0149	0	0	-0.0050	0.0094	910.0918
467	0	1	11	0	0	-0.0007	-0.0017	-4.9954	0	0	-0.0585	-0.0226	912.8098
468	0	1	11	0	0	-0.0004	0.0011	-4.9930	0	0	-0.0433	0.0143	910.1592
469	0	1	11	0	0	-0.0000	-0.0003	-4.9940	0	0	0.0020	-0.0046	911.8475
470	0	1	11	0	0	0.0002	-0.0003	-5.0041	0	0	0.0086	-0.0039	911.4344
471	0	1	11	0	0	0.0001	0.0021	-4.9986	0	0	0.0183	0.0289	910.9219
472	0	1	11	0	0	-0.0001	-0.0005	-4.9982	0	0	-0.0082	-0.0061	910.4376
473	0	1	11	0	0	0.0006	-0.0001	-4.9939	0	0	0.0537	-0.0020	910.1313
474	0	1	11	0	0	-0.0008	0.0036	-4.9970	0	0	-0.0545	0.0481	911.9446
475	0	1	11	0	0	-0.0005	-0.0002	-5.0069	0	0	-0.0414	-0.0030	911.1690
476	0	1	11	0	0	-0.0004	-0.0011	-5.0027	0	0	-0.0395	-0.0140	912.0857
477	0	1	11	0	0	0.0007	0.0007	-4.9941	0	0	0.0535	0.0095	910.6769
478	0	1	11	0	0	0.0008	0.0018	-4.9987	0	0	0.0621	0.0236	911.7959
479	0	1	11	0	0	0.0000	-0.0006	-4.9991	0	0	-0.0023	-0.0066	910.1874
480	0	1	11	0	0	-0.0004	0.0003	-4.9970	0	0	-0.0294	0.0054	910.4803
481	0	1	11	0	0	0.0001	-0.0001	-5.0051	0	0	-0.0009	-0.0006	912.7191
482	0	1	11	0	0	-0.0008	0.0011	-5.0107	0	0	-0.0722	0.0154	911.5028
483	0	1	11	0	0	0.0004	0.0012	-5.0051	0	0	0.0301	0.0164	910.5263
484	0	1	11	0	0	-0.0001	0.0014	-5.0039	0	0	-0.0049	0.0191	912.4070
485	0	1	11	0	0	-0.0003	0.0015	-5.0029	0	0	-0.0286	0.0206	910.3745
486	0	1	11	0	0	0.0001	0.0010	-5.0029	0	0	-0.0019	0.0136	911.0433
487	0	1	11	0	0	-0.0001	0.0009	-5.0033	0	0	0.0023	0.0119	910.3399
488	0	1	11	0	0	-0.0000	-0.0004	-4.9969	0	0	-0.0056	-0.0050	910.0892
489	0	1	11	0	0	0.0006	0.0018	-5.0025	0	0	0.0457	0.0246	910.8727
490	0	1	11	0	0	0.0009	-0.0005	-4.9973	0	0	0.0730	-0.0065	910.7988
491	0	1	11	0	0	-0.0006	-0.0002	-5.0071	0	0	-0.0545	-0.0038	911.2824
492	0	1	11	0	0	0.0004	0.0009	-4.9996	0	0	0.0318	0.0119	910.3620
493	0	1	11	0	0	-0.0001	0.0017	-5.0041	0	0	-0.0097	0.0221	910.9304
494	0	1	11	0	0	0.0006	-0.0003	-5.0058	0	0	0.0458	-0.0034	908.7731
495	0	1	11	0	0	-0.0001	0.0003	-5.0041	0	0	-0.0022	0.0036	909.2173
496	0	1	11	0	0	-0.0002	-0.0006	-5.0053	0	0	-0.0122	-0.0083	910.1682
497	0	1	11	0	0	0.0008	0.0014	-4.9973	0	0	0.0681	0.0181	911.4872
498	0	1	11	0	0	-0.0008	0.0001	-5.0071	0	0	-0.0689	0.0005	910.9918
499	0	1	11	0	0	0.0001	-0.0014	-4.9954	0	0	0.0137	-0.0187	910.5696
500	0	1	11	0	0	-0.0005	-0.0018	-5.0053	0	0	-0.0443	-0.0253	910.8546
